>TFmatrixID_0516; plt1; plt2; plt3; plt4; plt5; plt7
A	[0.17647058823529	0.14705882352941	0.235294117647059	0.0	0.911764705882353	0.0	0.61764705882353	0.23529411764706	0.441176470588238	0.0	0.11764705882353	0.0	0.0	0.264705882352939	1.0	0.20588235294118	0.0882352941176469	0.0588235294117655	0.235294117647062	0.35294117647059	0.558823529411762	]
C	[0.11764705882353	0.20588235294118	0.0	0.941176470588235	0.0	1.0	0.0	0.17647058823529	0.0294117647058819	0.0882352941176473	0.73529411764706	1.0	0.970588235294118	0.323529411764709	0.0	0.0294117647058819	0.029411764705882	0.294117647058822	0.176470588235292	0.29411764705882	0.11764705882353	]
G	[0.35294117647059	0.38235294117647	0.705882352941177	0.0	0.0588235294117652	0.0	0.38235294117647	0.44117647058824	0.0294117647058819	0.0	0.0	0.0	0.0	0.382352941176469	0.0	0.470588235294119	0.852941176470589	0.0882352941176477	0.411764705882354	0.11764705882353	0.0882352941176473	]
T	[0.35294117647059	0.26470588235294	0.0588235294117647	0.0588235294117647	0.0294117647058821	0.0	0.0	0.14705882352941	0.499999999999998	0.911764705882353	0.14705882352941	0.0	0.0294117647058819	0.0294117647058819	0.0	0.294117647058819	0.029411764705882	0.558823529411764	0.176470588235292	0.23529411764706	0.235294117647061	]
>TFmatrixID_0539; plt1; plt2; plt3; plt4; plt5; plt7
A	[0.0	0.875	0.0	0.65625	0.264705882352941	0.470588235294118	0.0	0.147058823529412	0.0	0.0	0.304347826086957	0.954545454545455	0.136363636363636	0.0909090909090909	]
C	[0.9375	0.03125	1.0	0.03125	0.147058823529412	0.0294117647058824	0.0588235294117647	0.705882352941177	1.0	0.96969696969697	0.0434782608695652	0.0	0.0	0.0	]
G	[0.0	0.0625	0.0	0.3125	0.441176470588235	0.0294117647058824	0.0294117647058824	0.0	0.0	0.0	0.565217391304348	0.0	0.454545454545455	0.909090909090909	]
T	[0.0625	0.03125	0.0	0.0	0.147058823529412	0.470588235294118	0.911764705882353	0.147058823529412	0.0	0.0303030303030303	0.0869565217391304	0.0454545454545455	0.409090909090909	0.0	]
>TFmatrixID_0769; plt1
A	[0.219713	0.045175	0.482546	0.100616	0.310062	0.451745	0.437372	0.154004	0.162218	0.030801	0.039014	0.266940	0.987680	0.094456	]
C	[0.030801	0.718686	0.098563	0.761807	0.067762	0.180698	0.059548	0.078029	0.550308	0.537988	0.958932	0.039014	0.002053	0.016427	]
G	[0.437372	0.016427	0.223819	0.049281	0.535934	0.186858	0.088296	0.049281	0.010267	0.000000	0.002053	0.657084	0.010267	0.751540	]
T	[0.312115	0.219713	0.195072	0.088296	0.086242	0.180698	0.414784	0.718686	0.277207	0.431211	0.000000	0.036961	0.000000	0.137577	]
>TFmatrixID_0780; plt1
A	[0.153846	0.215385	0.015385	0.748718	0.010256	0.148718	0.302564	0.471795	0.189744	0.220513	0.066667	0.000000	0.241026	0.969231	0.082051	0.389744	0.410256	0.410256	0.369231	]
C	[0.066667	0.025641	0.876923	0.046154	0.958974	0.020513	0.210256	0.046154	0.102564	0.420513	0.528205	0.989744	0.046154	0.000000	0.046154	0.015385	0.317949	0.143590	0.169231	]
G	[0.497436	0.569231	0.000000	0.123077	0.015385	0.800000	0.328205	0.082051	0.025641	0.000000	0.005128	0.000000	0.646154	0.030769	0.728205	0.584615	0.051282	0.251282	0.276923	]
T	[0.282051	0.189744	0.107692	0.082051	0.015385	0.030769	0.158974	0.400000	0.682051	0.358974	0.400000	0.010256	0.066667	0.000000	0.143590	0.010256	0.220513	0.194872	0.184615	]
>TFmatrixID_0768; plt3
A	[0.020716	0.254237	0.003766	0.062147	0.003766	0.418079	0.314501	0.693032	0.419962	0.180791	0.069680	0.043315	0.156309	0.184557	0.246704	]
C	[0.649718	0.661017	0.045198	0.672316	0.013183	0.000000	0.013183	0.030132	0.045198	0.288136	0.700565	0.020716	0.146893	0.026365	0.489642	]
G	[0.030132	0.024482	0.005650	0.062147	0.973635	0.523540	0.448211	0.086629	0.077213	0.182674	0.032015	0.890772	0.111111	0.726930	0.045198	]
T	[0.299435	0.060264	0.945386	0.203390	0.009416	0.058380	0.224105	0.190207	0.457627	0.348399	0.197740	0.045198	0.585687	0.062147	0.218456	]
>TFmatrixID_0718; plt7
A	[0.585000	0.036667	0.348333	0.476667	0.438333	0.158333	0.173333	0.026667	0.001667	0.241667	0.998333	0.038333	]
C	[0.085000	0.903333	0.036667	0.145000	0.068333	0.068333	0.506667	0.581667	0.996667	0.055000	0.000000	0.010000	]
G	[0.158333	0.018333	0.545000	0.213333	0.058333	0.020000	0.006667	0.000000	0.000000	0.635000	0.001667	0.733333	]
T	[0.171667	0.041667	0.070000	0.165000	0.435000	0.753333	0.313333	0.391667	0.001667	0.068333	0.000000	0.218333	]
>TFmatrixID_0751; plt7
A	[0.020408	0.211503	0.337662	0.421150	0.159555	0.172542	0.061224	0.000000	0.246753	0.959184	0.059369	]
C	[0.955473	0.031540	0.191095	0.085343	0.074212	0.461967	0.571429	1.000000	0.033395	0.000000	0.011132	]
G	[0.001855	0.705009	0.293135	0.055659	0.020408	0.003711	0.000000	0.000000	0.654917	0.000000	0.747681	]
T	[0.022263	0.051948	0.178108	0.437848	0.745826	0.361781	0.367347	0.000000	0.064935	0.040816	0.181818	]